fiat=[
	6.940	7.040	6.940	7.030
	6.920	6.950	6.870	6.890
	7.000	7.000	6.920	6.920
	7.040	7.060	6.990	7.000
	6.970	6.970	6.940	6.960
	6.990	7.050	6.940	6.940
	6.890	6.970	6.890	6.960
	6.890	6.900	6.770	6.880
	6.950	6.960	6.850	6.850
	7.000	7.010	6.990	7.010
	7.020	7.030	6.960	7.030
	7.150	7.150	7.080	7.110
	7.240	7.250	7.180	7.180
	7.210	7.270	7.210	7.230
	7.190	7.190	7.160	7.190
	7.150	7.190	7.140	7.190
	7.260	7.260	7.090	7.180
	7.180	7.330	7.180	7.310
	7.140	7.220	7.140	7.170
	7.160	7.160	6.990	7.040
	7.150	7.170	7.100	7.160
	7.220	7.220	7.040	7.130
	7.500	7.500	7.300	7.320
	7.600	7.600	7.520	7.590
	7.700	7.740	7.580	7.630
	7.710	7.750	7.610	7.750
	7.590	7.710	7.550	7.650
	7.430	7.470	7.370	7.460
	7.400	7.470	7.400	7.460
	7.480	7.480	7.300	7.450
	7.530	7.540	7.480	7.520
	7.480	7.570	7.480	7.530
	7.570	7.570	7.400	7.530
	7.510	7.660	7.510	7.570
	7.440	7.540	7.430	7.530
	7.400	7.570	7.400	7.480
	7.380	7.390	7.320	7.330
	7.250	7.430	7.250	7.430
	7.220	7.220	7.130	7.150
	7.050	7.200	7.050	7.170
	7.100	7.100	7.020	7.020
	7.240	7.240	7.100	7.170
	7.210	7.230	7.190	7.230
	7.190	7.270	7.180	7.250
	7.280	7.310	7.220	7.280
	7.300	7.330	7.250	7.270
	7.340	7.350	7.280	7.300
	7.350	7.400	7.300	7.370
	7.440	7.450	7.320	7.440
	7.440	7.540	7.420	7.460
	7.210	7.440	7.210	7.420
	7.200	7.250	7.200	7.250
	7.200	7.260	7.200	7.260
	7.230	7.270	7.180	7.210
	7.330	7.370	7.280	7.330
	7.300	7.400	7.220	7.320
	7.530	7.530	7.300	7.400
	7.630	7.630	7.500	7.560
	7.740	7.740	7.640	7.710
	7.820	7.940	7.750	7.750
	7.910	7.910	7.830	7.840
	7.880	7.930	7.880	7.910
	7.810	8.000	7.800	7.880
	7.650	7.810	7.600	7.790
	7.880	7.880	7.550	7.660
	7.850	7.920	7.790	7.800
	7.700	7.750	7.640	7.660
	7.760	7.800	7.740	7.750
	7.900	7.900	7.710	7.710
	8.040	8.040	7.870	7.920
	8.250	8.250	8.210	8.230
	8.180	8.320	8.180	8.280
	8.100	8.100	8.010	8.050
	8.060	8.210	8.060	8.140
	7.910	7.990	7.910	7.990
	8.080	8.080	7.880	7.920
	7.970	8.120	7.970	8.080
	8.120	8.120	7.890	7.900
	8.230	8.230	8.110	8.110
	8.350	8.350	8.180	8.200
	8.200	8.230	8.150	8.200
	8.430	8.430	8.060	8.240
	8.450	8.520	8.340	8.450
	8.350	8.500	8.320	8.440
	8.450	8.500	8.310	8.340
	8.280	8.300	8.190	8.270
	8.200	8.250	8.200	8.200
	8.130	8.140	8.050	8.140
	7.890	8.040	7.880	8.030
	7.730	7.880	7.720	7.790
	7.520	7.520	7.500	7.520
	7.470	7.550	7.470	7.520
	7.580	7.580	7.460	7.510
	7.540	7.640	7.540	7.590
	7.600	7.620	7.500	7.500
	7.580	7.580	7.560	7.560
	7.710	7.710	7.550	7.580
	7.680	7.760	7.620	7.760
	7.720	7.770	7.650	7.720
	7.670	7.780	7.670	7.750
	7.690	7.690	7.500	7.590
	7.600	8.000	7.600	7.950
	7.230	7.400	7.160	7.320
	6.980	7.070	6.980	7.060
	6.820	6.960	6.820	6.900
	6.600	6.680	6.590	6.680
	6.440	6.700	6.440	6.650
	6.420	6.430	6.380	6.400
	6.390	6.430	6.390	6.430
	6.400	6.420	6.330	6.330
	6.490	6.590	6.490	6.500
	6.310	6.520	6.310	6.520
	6.340	6.340	6.240	6.240
	6.390	6.390	6.340	6.350
	6.410	6.520	6.370	6.400
	6.590	6.590	6.340	6.460
	6.710	6.710	6.570	6.620
	6.670	6.720	6.600	6.720
	6.840	6.840	6.610	6.670
	7.010	7.010	6.830	6.870
	6.990	7.100	6.990	7.090
	7.030	7.030	6.940	6.940
	6.970	7.050	6.970	7.030
	6.950	7.050	6.940	6.970
	7.060	7.080	7.000	7.000
	7.130	7.130	7.000	7.040
	7.100	7.250	7.100	7.170
	7.320	7.320	7.010	7.070
	7.230	7.320	7.210	7.320
	7.050	7.200	7.050	7.200
	6.960	7.020	6.920	6.990
	6.890	7.000	6.850	6.860
	6.880	6.880	6.750	6.820
	6.770	6.820	6.740	6.820
	6.850	6.850	6.730	6.780
	6.900	6.900	6.790	6.870
	6.950	6.950	6.860	6.930
	7.000	7.000	6.850	6.970
	7.020	7.040	6.960	7.010
	6.940	7.050	6.940	7.050
	7.010	7.010	6.900	6.930
	7.000	7.060	6.920	7.000
	7.070	7.070	6.960	7.060
	6.960	7.070	6.960	7.070
	6.840	6.920	6.820	6.910
	6.820	6.840	6.740	6.800
	6.750	6.850	6.750	6.820
	6.800	6.800	6.590	6.710
	6.750	6.920	6.750	6.860
	6.770	6.770	6.630	6.680
	6.780	7.000	6.750	6.800
	6.770	6.820	6.730	6.730
	7.080	7.080	6.850	6.870
	7.190	7.190	7.070	7.170
	7.190	7.250	7.140	7.210
	7.220	7.280	7.060	7.170
	7.270	7.270	7.070	7.070
	7.250	7.350	7.200	7.280
	7.380	7.380	7.150	7.190
	7.580	7.580	7.360	7.400
	7.690	7.740	7.600	7.650
	7.770	7.770	7.690	7.700
	7.700	7.720	7.650	7.720
	7.550	7.750	7.550	7.750
	7.640	7.640	7.570	7.610
	7.860	7.860	7.650	7.680
	7.850	7.950	7.800	7.860
	7.900	8.170	7.740	7.770
	8.010	8.010	7.870	8.000
	7.970	8.080	7.970	8.070
	7.830	7.870	7.650	7.840
	7.720	7.840	7.700	7.840
	7.850	7.850	7.620	7.700
	7.930	7.970	7.900	7.930
	7.950	8.010	7.850	7.910
	7.620	7.830	7.620	7.830	
	7.770	7.770	7.560	7.580	
	7.800	7.800	7.630	7.730
	7.690	7.750	7.660	7.740
	7.500	7.680	7.500	7.650
	7.440	7.470	7.370	7.410
	7.370	7.480	7.360	7.450
	7.390	7.440	7.320	7.350
	7.320	7.390	7.250	7.370
	7.300	7.300	7.240	7.250
	7.370	7.400	7.240	7.300
	7.270	7.380	7.200	7.270
	7.460	7.460	7.240	7.270
	7.580	7.730	7.460	7.460
	7.770	7.800	7.650	7.680
	7.700	7.750	7.520	7.750
	7.850	7.850	7.670	7.700
	7.900	8.010	7.800	7.930
	7.970	7.990	7.820	7.900
	7.900	8.000	7.860	7.970
	7.810	7.860	7.700	7.750
	7.960	7.960	7.790	7.850
	7.850	7.990	7.830	7.980
	7.760	7.840	7.690	7.690
	7.470	7.800	7.470	7.750
	7.410	7.530	7.330	7.400
	7.330	7.460	7.330	7.420
	7.510	7.510	7.310	7.370
	7.600	7.600	7.310	7.510
	7.770	7.770	7.620	7.660
	7.740	7.780	7.650	7.730
	7.750	7.830	7.660	7.740
	7.620	7.700	7.620	7.690
	7.600	7.750	7.600	7.720
	7.550	7.590	7.520	7.530
	7.700	7.700	7.540	7.600
	7.500	7.750	7.500	7.650
	7.750	7.750	7.450	7.500
	7.830	7.900	7.750	7.790
	7.890	7.930	7.720	7.930
	7.970	7.970	7.900	7.930
	7.860	7.990	7.850	7.950
	7.810	7.880	7.810	7.860
	7.820	7.860	7.710	7.800
	7.760	7.840	7.730	7.820
	7.800	7.820	7.750	7.770
	7.980	7.980	7.770	7.800
	7.900	7.990	7.900	7.990
	8.000	8.110	7.900	7.960
	8.030	8.040	7.800	7.940
	8.000	8.000	7.930	7.980
	7.900	8.050	7.840	7.950
	7.800	7.880	7.720	7.790
	7.840	7.860	7.810	7.830
	7.720	7.840	7.720	7.810
	7.660	7.660	7.440	7.550
	7.420	7.590	7.420	7.560
	7.470	7.470	7.200	7.350
	7.540	7.570	7.400	7.410
	7.550	7.660	7.510	7.610
	7.490	7.590	7.470	7.550
	7.400	7.500	7.380	7.440
	7.570	7.570	7.400	7.440
	7.500	7.680	7.500	7.610
	7.460	7.600	7.410	7.510
	7.590	7.590	7.400	7.450
	7.550	7.680	7.550	7.600
	7.540	7.660	7.450	7.570
	7.560	7.640	7.350	7.540
	7.600	7.610	7.570	7.610
	7.630	7.720	7.630	7.680
	7.790	7.790	7.590	7.600
	7.820	7.950	7.770	7.850
	7.880	7.960	7.800	7.820
	7.830	7.880	7.800	7.880
	7.820	7.900	7.750	7.850
	7.830	7.850	7.600	7.830];
